[IO]
IN1=1
IN2=3
IN3=4
IN4=5
IN5=2
IN6=28
OUT1=29
OUT2=31
OUT3=30
OUT4=1
OUT5=2
OUT6=3
OUT7=4
OUT8=32
OUT9=30
[Param]
Delay=300
Judge=0.04
Range=0.4
XxYJudge=0.15
[Unit]
CameraX=0.001615
CameraY=0.001615
X=0.003125
Y=0.003125
CameraPos=0.384
CY=0.01
CZ=0.01
EncoderX=0.0002
EncoderY=0.0002
[X]
LeftTop=-10
RightBottom=250
RightTop=240
[Y]
LeftTop=-25.5
RightBottom=426
RightTop=-25
[CHX]
HomeInitVel=1
HomeMaxVel=20
HomeACC=0.2
HomeDEC=0.2
InitVel=1
ACC=0.1
DEC=0.1
Speed=250
InitPos=2        
CaliCorr=1
RepairAngle=0
[CHY]
HomeInitVel=1
HomeMaxVel=20
HomeACC=0.2
HomeDEC=0.2
InitVel=1
ACC=0.1
DEC=0.1
Speed=250
InitPos=2
CaliCorr=1
RepairAngle=0
[JogSpeed]
High=50
Mid=10
Low=1
[RepairInterval]
X=10
Y=10
[RepairStart]
X=-13.0028
Y=-38.9844
[Master]
PosX1=-1.1896
PosY1=-15.4620
PosX2=-1.5686
PosY2=414.4846
PosX3=228.4454
PosY3=414.7910
PosX4=228.8950
PosY4=-15.1624
NumHZ=0
L1=230
L2=230
W1=450
W2=450
Light=13
Threshold=150
PointDia=1
[CHCY]
HomeInitVel=1
HomeMaxVel=100
HomeACC=0.2
HomeDEC=0.2
InitVel=1
ACC=0.15
DEC=0.15
Speed=1200
InitPos=1
WorkPos=660
[CHCZ]
HomeInitVel=1
HomeMaxVel=50
HomeACC=0.2
HomeDEC=0.2
InitVel=1
ACC=0.1
DEC=0.1
Speed=200
InitPos=-5
WorkPos=125
WorkPos1=8
LowVel=6
[Standard]
CMotorX=0
CMotorY=0
CheckCameraX=0
CheckCameraY=0
PosCameraX=0
PosCameraY=0
[Shutter]
C1=50000
C2=50000
C3=50000
C4=50000
[TakePhoto]
Delay=30
[Select]
PosUsing=1
CameraThre=0
[Corr]
X1K=1
X1Offset=0
X2K=1
X2Offset=0
Y1K=1
Y1Offset=0
Y2K=1
Y2Offset=0

